201_dn.shrink-1	-2.36,500,3.14,0.2,0,0,11.8,5.03,200,3.3,1.16,../sf.unit
202_dn.shrink-1	-2.306,500,3.13,0.2,0,0,11.3,4.98,200,3.3,1.16,../sf.unit
203_dn.shrink-1	-2.559,500,2.66,0.2,0.00368,0,11.7,5.02,200,3.3,1.16,../sf.unit
204_dn.shrink-1	-2.39,500,2.77,0.2,0,0,11.8,5.04,200,3.3,1.16,../sf.unit
205_dn.shrink-1	-2.274,500,3.77,0.2,0,0,11.4,5,200,3.3,1.16,../sf.unit
206_dn.shrink-1	-2.235,500,3.87,0.2,0,0,11.9,5.02,200,3.3,1.16,../sf.unit
207_dn.shrink-1	-2.384,500,3.14,0.2,0,0,11.7,5.03,200,3.3,1.16,../sf.unit
208_dn.shrink-1	-2.248,500,3.73,0.2,0,0,11.6,5.02,200,3.3,1.16,../sf.unit
209_dn.shrink-1	-2.289,500,3.54,0.2,0,0,11.6,5.02,200,3.3,1.16,../sf.unit
210_dn.shrink-1	-2.215,500,3.1,0.2,0,0,11.8,5.04,200,3.3,1.16,../sf.unit
211_dn.shrink-1	-4,500,1.99,0.2,0,0,11.9,5,200,3.3,1.16,../sf.unit
212_dn.shrink-1	-2.251,500,1.3,0.2,0,0,12.1,5.04,200,3.3,1.16,../sf.unit
213_dn.shrink-1	-1.991,500,1.79,0.2,0,0,11.8,5.02,200,3.3,1.16,../sf.unit
214_dn.shrink-1	-2.025,500,3.77,0.2,0,0,11.7,5.01,200,3.3,1.16,../sf.unit
215_dn.shrink-1	-2.244,500,2.99,0.2,0,0,11.8,5.03,200,3.3,1.16,../sf.unit
216_dn.shrink-1	-2.074,500,3.51,0.2,0,0,11.6,5,200,3.3,1.16,../sf.unit
217_dn.shrink-1	-2.125,500,3.4,0.2,0,0,11.7,5.03,200,3.3,1.16,../sf.unit
218_dn.shrink-1	-2.141,500,3.06,0.2,0,0,11.6,5.03,200,3.3,1.16,../sf.unit
219_dn.shrink-1	-2.314,500,2.99,0.2,0,0,11.8,5.06,200,3.3,1.16,../sf.unit
220_dn.shrink-1	-2.003,500,3.5,0.2,0,0,11.9,5.03,200,3.3,1.16,../sf.unit
221_dn.shrink-1	-2.013,500,2.38,0.2,0,0,11.8,5.01,200,3.3,1.16,../sf.unit
222_dn.shrink-1	-2.104,500,1.97,0.2,0,3.01e-06,11.8,5.02,200,3.3,1.16,../sf.unit
223_dn.shrink-1	-2.693,500,1.65,0.2,0,0,12,5.05,200,3.3,1.16,../sf.unit
224_dn.shrink-1	-4,500,1.95,0.2,0,0,11.7,5.01,200,3.3,1.16,../sf.unit
225_dn.shrink-1	-4,500,1.72,0.2,0,0,11.7,5.01,200,3.3,1.16,../sf.unit
226_dn.shrink-1	-3.5,500,2.39,0.2,0,0,11.8,5.02,200,3.3,1.16,../sf.unit
227_dn.shrink-1	-1.965,500,2.42,0.2,0,0,11.9,5.04,200,3.3,1.16,../sf.unit
228_dn.shrink-1	-2.235,500,2.21,0.2,0,0,11.8,5.03,200,3.3,1.16,../sf.unit
229_dn.shrink-1	-1.862,500,2.17,0.2,0,0,11.7,5,200,3.3,1.16,../sf.unit
230_dn.shrink-1	-2.305,500,3.43,0.2,0,0,11.7,5,200,3.3,1.16,../sf.unit
231_dn.shrink-1	-2.249,500,3.6,0.2,0,0,11.7,4.99,200,3.3,1.16,../sf.unit
232_dn.shrink-1	-2.706,500,3.87,0.2,0,0,11.5,4.99,200,3.3,1.16,../sf.unit
233_dn.shrink-1	-2.832,500,2.82,0.2,0,0,11.8,5.01,200,3.3,1.16,../sf.unit
234_dn.shrink-1	-1.723,32.2,0.544,0.2,0,0,11.8,5.03,200,3.3,1.16,../sf.unit
235_dn.shrink-1	-2.691,500,2.9,0.2,0,0,11.7,5,200,3.3,1.16,../sf.unit
236_dn.shrink-1	-2.612,500,1.97,0.2,0,0,11.9,4.97,200,3.3,1.16,../sf.unit
237_dn.shrink-1	-2.311,500,2.45,0.2,0,0,11.9,5.01,200,3.3,1.16,../sf.unit
238_dn.shrink-1	-2.687,500,2.92,0.2,0,0,12,5.04,200,3.3,1.16,../sf.unit
239_dn.shrink-1	-2.269,500,3.04,0.2,0,0,11.9,5.03,200,3.3,1.16,../sf.unit
240_dn.shrink-1	-2.456,500,3.39,0.2,0,0,11.9,5.02,200,3.3,1.16,../sf.unit
241_dn.shrink-1	-4,500,2.11,0.2,0,0,11.9,5.02,200,3.3,1.16,../sf.unit
242_dn.shrink-1	-3.065,500,2.21,0.2,0,0,11.9,5.03,200,3.3,1.16,../sf.unit
243_dn.shrink-1	-3.264,500,3.35,0.2,0,0,11.5,5,200,3.3,1.16,../sf.unit
244_dn.shrink-1	-3.423,500,3.13,0.2,0,0,11.6,5,200,3.3,1.16,../sf.unit
245_dn.shrink-1	-3.034,500,3.15,0.2,0,0,11.9,5.02,200,3.3,1.16,../sf.unit
246_dn.shrink-1	-2.342,500,3.14,0.2,0,0,11.7,5,200,3.3,1.16,../sf.unit
247_dn.shrink-1	-3.175,500,2.42,0.2,0,0,11.5,4.98,200,3.3,1.16,../sf.unit
248_dn.shrink-1	-2.549,500,2.1,0.2,0,0,11.9,5,200,3.3,1.16,../sf.unit
249_dn.shrink-1	-1.919,500,2.65,0.2,0,0,11.6,4.99,200,3.3,1.16,../sf.unit
250_dn.shrink-1	-2.339,500,2.2,0.2,0,0,11.8,5.01,200,3.3,1.16,../sf.unit
251_dn.shrink-1	-2.672,500,2.62,0.2,0,0,11.9,5.03,200,3.3,1.16,../sf.unit
252_dn.shrink-1	-2.588,500,3.4,0.2,0,0,11.5,4.99,200,3.3,1.16,../sf.unit
253_dn.shrink-1	-3.054,500,2.56,0.2,0,0,11.8,5.02,200,3.3,1.16,../sf.unit
254_dn.shrink-1	-2.03,500,2.03,0.2,0,0,12.1,5.01,200,3.3,1.16,../sf.unit
255_dn.shrink-1	-2.189,500,3.45,0.2,0,0,11.8,5.01,200,3.3,1.16,../sf.unit
256_dn.shrink-1	-2.492,500,3.54,0.2,0,0,11.6,5.01,200,3.3,1.16,../sf.unit
257_dn.shrink-1	-3.024,500,3.19,0.2,0,0,11.4,4.98,200,3.3,1.16,../sf.unit
258_dn.shrink-1	-3.593,500,2.21,0.2,0,0,11.9,5.01,200,3.3,1.16,../sf.unit
259_dn.shrink-1	-2.379,500,2.76,0.2,0,0,12,5.02,200,3.3,1.16,../sf.unit
260_dn.shrink-1	-2.683,500,1.97,0.2,0,0,11.9,5.01,200,3.3,1.16,../sf.unit
261_dn.shrink-1	-2.819,500,3.3,0.2,0,0,11.9,5.02,200,3.3,1.16,../sf.unit
262_dn.shrink-1	-3.378,500,2.84,0.2,0,0,11.7,5.02,200,3.3,1.16,../sf.unit
263_dn.shrink-1	-3.622,500,3.35,0.2,0,0,11.6,4.98,200,3.3,1.16,../sf.unit
264_dn.shrink-1	-4,500,2.54,0.2,0,0,11.6,4.99,200,3.3,1.16,../sf.unit
265_dn.shrink-1	-3.867,500,3.12,0.2,0,0,11.7,5.01,200,3.3,1.16,../sf.unit
266_dn.shrink-1	-4,500,2.26,0.2,0,0,12,5.01,200,3.3,1.16,../sf.unit
267_dn.shrink-1	-3.765,500,3.13,0.2,0,0,11.6,4.99,200,3.3,1.16,../sf.unit
268_dn.shrink-1	-3.732,500,2.55,0.2,0,0,11.7,5.01,200,3.3,1.16,../sf.unit
269_dn.shrink-1	-2.911,500,2.98,0.2,0,0,11.6,5,200,3.3,1.16,../sf.unit
270_dn.shrink-1	-3.718,500,2.1,0.2,0,0,11.1,4.98,200,3.3,1.16,../sf.unit
271_dn.shrink-1	-3.08,500,3.37,0.2,0,0,11.4,4.97,200,3.3,1.16,../sf.unit
272_dn.shrink-1	-2.778,500,3.64,0.2,7.32e-05,0,11.8,5.02,200,3.3,1.16,../sf.unit
273_dn.shrink-1	-3.078,500,3.47,0.2,0,0,11.7,5,200,3.3,1.16,../sf.unit
274_dn.shrink-1	-2.925,500,3.51,0.2,0,0,11.8,5,200,3.3,1.16,../sf.unit
275_dn.shrink-1	-3.238,500,3.59,0.2,0,5.64e-05,11.6,5.02,200,3.3,1.16,../sf.unit
276_dn.shrink-1	-2.076,500,3.7,0.2,0,0,11.4,5,200,3.3,1.16,../sf.unit
277_dn.shrink-1	-1.79,500,4.07,0.2,0,0,11.2,5.03,200,3.3,1.16,../sf.unit
278_dn.shrink-1	-2.195,500,4.12,0.2,0,0,11.1,5.04,200,3.3,1.16,../sf.unit
279_dn.shrink-1	-1.714,500,3.91,0.2,0,0,11.5,5.03,200,3.3,1.16,../sf.unit
280_dn.shrink-1	-1.63,500,3.72,0.2,0,0,11.9,5.04,200,3.3,1.16,../sf.unit
281_dn.shrink-1	-4,500,2.84,0.2,0,0,12.2,5.04,200,3.3,1.16,../sf.unit
282_dn.shrink-1	-4,500,2.76,0.2,0,0,12,5.03,200,3.3,1.16,../sf.unit
283_dn.shrink-1	-1.557,500,2.94,0.2,0,0,11.6,5.06,200,3.3,1.16,../sf.unit
284_dn.shrink-1	-1.62,500,2.57,0.2,0,0,11.7,5.04,200,3.3,1.16,../sf.unit
285_dn.shrink-1	-1.914,500,2.26,0.2,0,0,12,5.04,200,3.3,1.16,../sf.unit
286_dn.shrink-1	-2.097,500,3.69,0.2,0,0,11.7,5.02,200,3.3,1.16,../sf.unit
287_dn.shrink-1	-2.253,500,4.4,0.2,0,0,11.5,5.02,200,3.3,1.16,../sf.unit
288_dn.shrink-1	-2.293,500,4.48,0.2,0,0,10.9,5.02,200,3.3,1.16,../sf.unit
289_dn.shrink-1	-2.561,500,4.73,0.2,0,0,11.2,5,200,3.3,1.16,../sf.unit
290_dn.shrink-1	-2.561,500,4.49,0.2,0,0,11.3,5,200,3.3,1.16,../sf.unit
291_dn.shrink-1	-2.804,500,4.41,0.2,0.0266,0,11.4,4.99,200,3.3,1.16,../sf.unit
292_dn.shrink-1	-2.45,500,4.65,0.2,0,0,11.2,5.02,200,3.3,1.16,../sf.unit
293_dn.shrink-1	-2.088,500,2.87,0.2,0,0,12,5.06,200,3.3,1.16,../sf.unit
294_dn.shrink-1	-2.467,500,4.71,0.2,0,0,11.3,5.01,200,3.3,1.16,../sf.unit
296_dn.shrink-1	-2.505,500,4.54,0.2,0,0,11.5,5.03,200,3.3,1.16,../sf.unit
297_dn.shrink-1	-1.704,500,2.9,0.2,0.00394,0,11.8,5.02,200,3.3,1.16,../sf.unit
298_dn.shrink-1	-2.212,500,4.25,0.2,0,0,11.6,5,200,3.3,1.16,../sf.unit
299_dn.shrink-1	-2.119,500,4.35,0.2,0,0,11.7,5.01,200,3.3,1.16,../sf.unit
300_dn.shrink-1	-2.151,500,4.42,0.2,0,0,11.5,5,200,3.3,1.16,../sf.unit
301_dn.shrink-1	-2.096,500,3.53,0.2,0,0,12,5.02,200,3.3,1.16,../sf.unit
302_dn.shrink-1	-1.984,500,3.68,0.2,0,0,11.7,5.02,200,3.3,1.16,../sf.unit
303_dn.shrink-1	-1.898,500,3.12,0.2,0,0,11.8,5.01,200,3.3,1.16,../sf.unit
304_dn.shrink-1	-1.932,500,2.88,0.2,0,0,11.9,5.05,200,3.3,1.16,../sf.unit
305_dn.shrink-1	-1.77,500,2.89,0.2,0,0,11.9,5.03,200,3.3,1.16,../sf.unit
306_dn.shrink-1	-1.813,500,2.57,0.2,0,0,11.9,5.02,200,3.3,1.16,../sf.unit
307_dn.shrink-1	-1.884,500,2.57,0.2,0,0,11.8,5.02,200,3.3,1.16,../sf.unit
